dataset: "CoPeD"

# Configuration for wilbur robot
robot0:
  id: 0
  name: "wilbur"
  # Camera pose information taken from extrinsics config file
  camera0: # Left optical link -> info taken from 19504539.yaml in calibration/wilbur
    image_width: 1440
    image_height: 1080
    fx: 1903.520006386324
    cx: 681.5060629940748
    fy: 1895.619818759923
    cy: 517.1128313302568
    x: 0.01869175488738828
    y: 0.0193
    z: 0.28672623687109766
    pitch: -0.005559586035104693
    roll: 0.0004926383242970126
    yaw: 0.04223758430352057
    distortion_model: plumb_bob
    distortion_coefficients: [-0.3798306402200569, 0.1959307510959587, 0.0004038542688319737, 0.000190820656519979, 0]
    projection_matrix:
      rows: 3
      cols: 4
      data: [1794.791137695312, 0, 676.5970053006567, 0, 0, 1833.858642578125, 515.3424035623175, 0, 0, 0, 1, 0]
  camera1: # Right optical link -> info taken from 19509631.yaml in calibration/wilbur
    image_width: 1440
    image_height: 1080
    fx: 1836.368323539261
    cx: 722.5409244592852
    fy: 1827.351416645816
    cy: 524.0180259791498
    x: 0.01869175488738828
    y: -0.5607127105911416
    z: 0.28672623687109766
    pitch: -0.005559586035104693
    roll: 0.0004926383242970126
    yaw: 0.04223758430352057
    distortion_model: plumb_bob
    distortion_coefficients: [-0.3831901211400326, 0.2233720519081885, 0.0008931300229381834, 0.001068644642920918, 0]
    projection_matrix:
      rows: 3
      cols: 4
      data: [1725.12744140625, 0, 723.5165065089095, 0, 0, 1763.703735351562, 522.8930017468156, 0, 0, 0, 1, 0]
  # Tag information from tag_bundle_wilbur.yaml in calibration/wilbur
  tags:
        [
          {id: 5, size: 0.17, x: 0.0000, y: 0.0000, z: 0.0000, qw: 1.0000, qx: 0.0000, qy: 0.0000, qz: 0.0000},
          {id: 1, size: 0.17, x: -0.3347, y: -0.1445, z: -0.2081, qw: 0.9995, qx: -0.0261, qy: 0.0134, qz: -0.0109},
          {id: 0, size: 0.17, x: -0.3341, y: 0.1647, z: -0.3509, qw: 0.9605, qx: -0.2777, qy: 0.0006, qz: 0.0179},
          {id: 7, size: 0.17, x: 0.5010, y: 0.0086, z: -0.0020, qw: 0.9942, qx: -0.0323, qy: -0.0954, qz: 0.0386},
          {id: 4, size: 0.17, x: -0.0021, y: 0.2142, z: -0.1197, qw: 0.9493, qx: -0.3140, qy: -0.0075, qz: 0.0082},
          {id: 2, size: 0.17, x: 0.9277, y: -0.0993, z: -0.1765, qw: 0.9916, qx: -0.0935, qy: -0.0818, qz: 0.0364},
          {id: 3, size: 0.17, x: 0.9130, y: 0.2295, z: -0.3135, qw: 0.9669, qx: -0.2477, qy: -0.0606, qz: -0.0124},
          {id: 6, size: 0.17, x: 0.4940, y: 0.2477, z: -0.0743, qw: 0.9572, qx: -0.2750, qy: -0.0895, qz: -0.0070}
        ]

# Configuration for wanda robot
robot1:
  id: 1
  name: "wanda"
  # Camera pose information taken from extrinsics config file
  camera0: # left optical link -> info taken from 19509635.yaml in calibration/wanda
    image_width: 1440
    image_height: 1080
    fx: 1192.45276
    cx: 739.3438
    fy: 1190.6091
    cy: 565.7661
    x: 0.01869175488738828
    y: 0.0193
    z: 0.28672623687109766
    pitch: -0.005559586035104693
    roll: 0.0004926383242970126
    yaw: 0.04223758430352057
    distortion_model: plumb_bob
    distortion_coefficients: [-0.423121, 0.173144, -0.003773, -0.003173, 0.000000]
    projection_matrix:
      rows: 3
      cols: 4
      data: [ 980.67499, 0, 738.69215, 0, 0, 1076.08105, 566.97831, 0, 0, 0, 1, 0]
  camera1: # right optical link -> info taken from 19509600.yaml in calibration/wanda
    image_width: 1440
    image_height: 1080
    fx: 1190.130507756544
    cx: 734.8934118917687
    fy: 1188.148243248166
    cy: 567.2677230574875
    x: 0.01869175488738828
    y: -0.5607127105911416
    z: 0.28672623687109766
    pitch: -0.005559586035104693
    roll: 0.0004926383242970126
    yaw: 0.04223758430352057
    distortion_model: plumb_bob
    distortion_coefficients: [-0.4284069539532191, 0.1788231827634255, -0.001863194586121232, -0.002264946112770172, 0]
    projection_matrix:
      rows: 3
      cols: 4
      data: [975.4818115234375, 0, 734.7269645256092, 0, 0, 1071.288208007812, 571.0164652120948, 0, 0, 0, 1, 0]
  # Tag information from tag_bundle_wanda.yaml in calibration/wanda
  tags:
        [
          {id: 8, size: 0.17, x: 0.0000, y: 0.0000, z: 0.0000, qw: 1.0000, qx: 0.0000, qy: 0.0000, qz: 0.0000},
          {id: 11, size: 0.17, x: 1.2491, y: -0.0277, z: -0.0171, qw: 0.9982, qx: 0.0506, qy: -0.0284, qz: -0.0142},
          {id: 12, size: 0.17, x: 0.3600, y: 0.1825, z: 0.2028, qw: 0.9979, qx: -0.0592, qy: -0.0271, qz: 0.0026},
          {id: 15, size: 0.17, x: 0.8473, y: 0.1637, z: 0.1694, qw: 0.9977, qx: -0.0551, qy: -0.0387, qz: -0.0077},
          {id: 10, size: 0.17, x: 1.2043, y: -0.3991, z: -0.0282, qw: 0.9745, qx: 0.2239, qy: -0.0158, qz: -0.0020},
          {id: 9, size: 0.17, x: -0.0364, y: -0.3277, z: -0.1005, qw: 0.9918, qx: 0.1261, qy: 0.0123, qz: -0.0167},
          {id: 14, size: 0.17, x: 0.7311, y: -0.5974, z: 0.0110, qw: 0.9379, qx: 0.3439, qy: 0.0269, qz: -0.0357},
          {id: 13, size: 0.17, x: 0.3355, y: -0.5865, z: 0.0061, qw: 0.9447, qx: 0.3228, qy: 0.0416, qz: -0.0409}
        ]

# Configuration for race1 drone from camchain-imucam.yaml in calibration/race1
robot2:
  id: 2
  name: "race1"
  camera0:
    image_width: 640
    image_height: 480
    fx: 384.81109268711907
    cx: 385.4589799319776
    fy: 322.6712393337711
    cy: 239.39991235441906
    x: -0.04402011600452833
    y: -0.0025601400106739355
    z: -0.017635245742563362
    R: 
      - [1.0, 0.0, 0.0]
      - [0.0, 1.0, 0.0]
      - [0.0, 0.0, 1.0]
    distortion_model: radtan
    distortion_coefficients: [0.0018802953849829409, -0.003652303767730166, 3.117507045293004e-05, 0.00048175416276617297]
    T_cam_imu:
      - [1.0, 0.0, 0.0, -0.04402011600452833]
      - [0.0, 1.0, 0.0, -0.0025601400106739355]
      - [0.0, 0.0, 1.0, -0.017635245742563362]
      - [0.0, 0.0, 0.0, 1.0]
  camera1:
    image_width: 640
    image_height: 480
    fx: 384.88335095659886
    cx: 385.49905756574714
    fy: 322.59930315077474
    cy: 238.68360046050088
    x: 0.006021057482269526
    y: -0.0025213336541727834
    z: -0.01743269598887508
    R: 
      - [1.0, 0.0, 0.0]
      - [0.0, 1.0, 0.0]
      - [0.0, 0.0, 1.0]
    distortion_model: radtan
    distortion_coeffs: [0.0015836636822816295, -0.0033431633421065355, 8.541751669274196e-05, 0.0007597980170162216]
    T_cam_imu:
      - [1.0, 0.0, 0.0, 0.006021057482269526]
      - [0.0, 1.0, 0.0, -0.0025213336541727834]
      - [0.0, 0.0, 1.0, -0.01743269598887508]
      - [0.0, 0.0, 0.0, 1.0]
  camera2:
    image_width: 640
    image_height: 360
    fx: 393.4307466416494
    cx: 393.5086802291898
    fy: 309.0745377295984
    cy: 191.40656978073883
    x: 0.017870661528472276
    y: 0.04670556113481232
    z: -0.0593976812355273
    R: 
      - [-0.9993877307510592, 0.01208522064239451, -0.03283460166161045]
      - [-0.03321602617267533, -0.032844274749509045, 0.9989083787923088]
      - [0.010993599480977004, 0.9993874128976246, 0.03322558821523644]
    distortion_model: radtan
    distortion_coeffs: [-0.3170375008962817, 0.08966709757315208, -0.001159278638250432, -0.0008883270498344137]
    T_cam_imu:
      - [-0.9993877307510592, 0.01208522064239451, -0.03283460166161045, 0.017870661528472276]
      - [-0.03321602617267533, -0.032844274749509045, 0.9989083787923088, 0.04670556113481232]
      - [0.010993599480977004, 0.9993874128976246, 0.03322558821523644, -0.0593976812355273]
      - [0.0, 0.0, 0.0, 1.0]

# Configuration for race5 drone from camchain-imucam.yaml in calibration/race5
robot3:
  id: 3
  name: "race5"
  camera0:
    image_width: 640
    image_height: 480
    fx: 384.81109268711907
    cx: 385.4589799319776
    fy: 322.6712393337711
    cy: 239.39991235441906
    x: -0.04402011600452833
    y: -0.0025601400106739355
    z: -0.017635245742563362
    R: 
      - [1.0, 0.0, 0.0]
      - [0.0, 1.0, 0.0]
      - [0.0, 0.0, 1.0]
    distortion_model: radtan
    distortion_coefficients: [0.0018802953849829409, -0.003652303767730166, 3.117507045293004e-05, 0.00048175416276617297]
    T_cam_imu:
      - [1.0, 0.0, 0.0, -0.04402011600452833]
      - [0.0, 1.0, 0.0, -0.0025601400106739355]
      - [0.0, 0.0, 1.0, -0.017635245742563362]
      - [0.0, 0.0, 0.0, 1.0]
  camera1:
    image_width: 640
    image_height: 480
    fx: 384.88335095659886
    cx: 385.49905756574714
    fy: 322.59930315077474
    cy: 238.68360046050088
    x: 0.006021057482269526
    y: -0.0025213336541727834
    z: -0.01743269598887508
    R: 
      - [1.0, 0.0, 0.0]
      - [0.0, 1.0, 0.0]
      - [0.0, 0.0, 1.0]
    distortion_model: radtan
    distortion_coeffs: [0.0015836636822816295, -0.0033431633421065355, 8.541751669274196e-05, 0.0007597980170162216]
    T_cam_imu:
      - [1.0, 0.0, 0.0, 0.006021057482269526]
      - [0.0, 1.0, 0.0, -0.0025213336541727834]
      - [0.0, 0.0, 1.0, -0.01743269598887508]
      - [0.0, 0.0, 0.0, 1.0]
  camera2:
    image_width: 640
    image_height: 360
    fx: 392.9550218529275
    cx: 392.940457525672
    fy: 360.07710092394854
    cy: 204.88425337040826
    x: 0.008269639602172082
    y: 0.06372375371998219
    z: -0.047292562071506984
    R:
      - [-0.9985017232823171, -0.003349172206249803, 0.05461768621771697]
      - [0.054621450353775636, -0.0010428563719976078, 0.9985065896687104]
      - [-0.0032872121157798105, 0.9999938477291355, 0.0012242305279655254]
    distortion_model: radtan
    distortion_coeffs: [-0.3415545271161533, 0.1262106741471218, -0.00019798454412713818, -0.00048726522214063034]
    T_cam_imu:
      - [-0.9985017232823171, -0.003349172206249803, 0.05461768621771697, 0.008269639602172082]
      - [0.054621450353775636, -0.0010428563719976078, 0.9985065896687104, 0.06372375371998219]
      - [-0.0032872121157798105, 0.9999938477291355, 0.0012242305279655254, -0.047292562071506984]
      - [0.0, 0.0, 0.0, 1.0]